camera_matrix:
- - 1352.3916270939592
  - 0.0
  - 695.5957566058296
- - 0.0
  - 1342.3097214853397
  - 318.56254788404027
- - 0.0
  - 0.0
  - 1.0
dist_coefs:
- - 0.4168168168708827
  - -2.2049135418070116
  - -0.0035394775477163585
  - 0.009367978736523683
  - 5.38589828656848
rms: 0.7703421217177344
