camera_matrix:
- - 1243.9050420662647
  - 0.0
  - 734.3560485725432
- - 0.0
  - 1244.0554170071775
  - 432.9300208578099
- - 0.0
  - 0.0
  - 1.0
dist_coefs:
- - 0.2224225684034153
  - -1.2475763139669307
  - 0.009186713230695837
  - 0.012336104933831325
  - 2.450332662922446
rms: 0.7766562733316806
