camera_matrix:
- - 780.4418055886887
  - 0.0
  - 635.6442317988214
- - 0.0
  - 782.5988945533195
  - 352.1984468673413
- - 0.0
  - 0.0
  - 1.0
dist_coefs:
- - 0.11969249804581453
  - -0.300196958251504
  - -3.862387351603198e-05
  - -0.0009109058121869727
  - 0.15443464355123507
rms: 1.1766619752474266
